1300
1300
1300
1300
1300
1300
1300
1300
1300
1300
1300
1300
1300
1300
1300
1300
1300
1300
1300
1300
1300
1300
1300
1300
1300
1300
1300
1300
1300
1300
1300
1300
1300
1300
1300
1300
1300
1300
1300
1300
1300
1300
1300
1117
1300
1300
1300
1300
1300
1300
1300
1266
1300
1300
1300
1300
1300
1300
1300
1300
1300
1300
1071
1300
1300
1300
1300
1300
1300
1300
1300
1300
1300
1300
1300
1300
1300
1300
1300
1300
1300
1300
1300
1300
1300
1300
1300
1300
1300
1300
1300
1300
1300
1300
1300
1300
1300
1300
1141
1300
1300
1300
1300
1272
1300
1300
1300
1300
1300
1300
1300
1300
1300
1300
1300
1300
1300
1300
1300
1300
1300
1300
1300
1300
1300
1300
1300
1300
1300
1300
1300
1300
1300
1300
1300
1300
1300
1300
1300
1300
1300
1300
1300
1300
1300
1300
1300
1150
1300
1300
1300
1300
772
1300
1300
1300
1300
1300
860
1300
1300
1300
1300
1300
1136
732
1025
754
1290
1300
1300
1300
1300
1300
1300
738
1300
1300
1300
1300
1300
1258
1300
1273
1300
1300
1300
1300
977
1300
936
1300
1300
1300
1156
1300
1300
1300
1300
1300
1300
1300
1300
1300
1300
1300
1218
1300
1300
1300
1300
1300
1300
1300
1300
1300
1300
1300
1300
1300
1300
969
1300
1300
1300
1300
1300
1300
1300
1300
1300
1300
1300
1300
1300
1300
1300
1300
1300
1300
1300
1300
1300
1300
1300
1300
1300
1300
1300
1300
1300
1300
954
1300
1300
1300
1300
1300
1300
1300
1300
1300
1070
1300
1300
1300
1300
1300
755
1300
1300
1300
1300
1300
1300
1300
1300
1300
1300
1300
1300
1300
1300
1300
1300
1300
1300
1300
1300
1300
1300
1300
1300
1300
1300
1300
1300
1300
1300
1300
1300
1300
1300
1300
1300
1300
1300
1300
1300
1300
1300
1300
1300
1300
1300
1300
1300
1300
1300
1300
1300
1300
1300
1300
1300
1300
1300
1300
1300
1300
1300
1300
1300
1300
1300
1206
1300
1300
1300
1300
1300
1300
1300
1300
1300
1300
1300
1300
1300
1300
1300
1300
1300
1300
1300
1300
1300
1300
1300
1300
1300
1300
1300
1300
1300
1300
1300
1300
1300
1300
1300
1300
1300
1300
1300
1300
1300
1300
1300
1300
1300
1300
1300
1300
1300
1300
1300
1300
1300
1300
1165
1300
969
1300
1300
1300
1300
1300
1300
1300
1300
1300
1300
1300
1300
1300
1300
1300
1300
1292
1300
1300
1300
1300
1300
1300
1300
1300
1236
1300
1300
1300
1300
1300
1300
1300
1199
1300
1300
1300
1300
1300
1300
1300
1300
1300
1300
1300
1300
1209
1300
1300
1300
1300
1300
1300
1300
1300
1300
1300
1300
1300
1300
1300
1300
1300
1300
1300
1300
1300
1300
1300
1300
1300
1300
1176
1300
1300
1300
1300
1300
1300
1300
1300
1300
1300
1300
1300
1300
1300
1300
1186
1300
1300
1300
1300
1300
1300
1300
1300
1300
1194
1300
1300
1300
1300
1300
1300
1300
1067
1300
1029
1300
1154
1300
1300
1300
1216
1300
1300
1300
1300
1300
1300
1300
1300
1300
1300
1300
1300
1300
1187
1300
1300
1300
1300
1300
1300
1300
1300
1300
889
1300
1300
1300
1300
1211
1300
1300
1300
1300
1300
1300
1300
1300
1300
1300
1300
1300
1300
1136
1153
1300
1300
1300
1300
1300
1300
1300
1300
1300
1300
1300
1300
1300
1300
1300
1222
1300
1300
1300
1300
1300
1300
1300
1300
1300
1282
1300
1300
1300
1300
1300
1283
1300
980
1300
1300
1300
1300
1034
1300
1300
1300
1300
1300
891
1300
1300
1300
1300
1300
1300
1300
1300
1300
1300
1300
1300
1300
1285
1300
1300
1300
1300
1300
1300
1300
1300
1300
1300
1300
1300
986
1300
1300
1300
1300
1300
1300
1137
1272
1300
1300
1300
1155
1300
1300
1300
1300
1300
1300
1300
1300
1300
1300
1300
1300
1300
1300
1300
1300
1300
1097
1300
1300
1300
1300
1300
1300
1300
1300
1149
1155
1300
1300
1300
1300
1300
1300
1300
1300
1300
1300
1300
1159
1133
1300
1180
1300
1300
1300
1300
1300
1300
1300
1120
1300
1300
1005
1300
1300
1300
1300
1300
1300
1300
1300
1300
1300
1300
1300
1300
1300
1300
1300
1152
1300
1156
1300
1300
1300
962
1300
1157
1300
1300
1300
1300
1300
1300
1300
1282
1117
1118
1300
1300
1270
1069
1053
1300
1254
1300
1300
1300
1300
1300
1300
1300
1300
908
1300
1300
1300
1300
1300
1300
1247
1300
1300
1300
1300
1300
1253
1300
1300
1300
1300
1300
1300
1300
1300
1300
1300
1300
1300
1300
1300
1300
1300
1300
1029
1259
1300
1300
1300
1300
1300
1300
1300
1300
1300
1267
1300
1300
1300
1300
1300
1300
1249
1300
1300
1300
1300
1300
1300
1300
1300
1162
1300
1300
1300
1300
1300
1300
1300
1300
1300
1300
1300
1045
1004
1238
1300
1300
1300
1300
1300
1300
1300
1300
1153
1300
1300
1300
1300
1084
1300
1300
1300
1300
1300
1300
1300
1300
1300
1300
1300
1217
1300
1300
931
1300
1300
1300
1300
1300
1300
1300
1300
1300
1300
1300
1300
1264
1300
1300
976
1300
1300
1250
1300
1300
1300
1300
1300
1300
1300
1300
1053
1300
1300
1160
1300
1300
1300
1300
1300
1300
1300
1300
1300
1300
1300
1300
1062
1300
1300
1300
1300
1300
1137
1299
1300
1300
1300
1300
1300
1300
1300
1300
1055
1300
1300
1300
1300
1213
1300
1300
1300
1300
1300
1300
1300
1206
1300
1300
1300
1300
1300
1300
1154
1300
1300
1300
1207
1149
1300
1300
1300
1300
1300
1300
1300
1300
1300
1300
1300
1300
1300
1239
1300
1300
1300
1300
1300
1125
1300
1300
1300
1300
1300
1300
1300
1300
1300
1300
1300
1300
1300
1300
1300
1300
1300
1300
1300
1300
1300
1300
1193
1300
1300
1300
1300
1300
1300
1300
1300
1300
1300
1300
1300
1300
1300
1300
1300
1300
1300
1300
1300
1300
1300
1300
1300
1300
1300
1300
1300
1300
1300
