190
61
66
23
46
91
488
51
215
21
34
116
21
816
30
28
32
60
78
15
33
97
40
109
124
41
1490
273
32
14
960
47
71
25
72
46
55
21
45
670
46
40
37
25
39
35
24
29
21
48
528
35
402
72
217
179
22
21
17
45
23
15
44
30
146
46
93
71
132
20
129
37
9
81
460
19
637
47
41
90
19
24
67
15
35
214
63
47
23
24
162
38
134
20
49
15
38
199
261
852
62
124
51
50
2036
75
105
37
42
29
144
40
108
40
35
253
25
50
55
28
36
937
12
122
34
25
38
144
73
58
31
294
41
39
43
79
69
91
23
33
39
15
33
19
47
30
132
24
36
665
34
33
647
34
33
21
148
30
817
36
20
37
34
41
584
45
340
40
171
3329
30
25
117
95
106
248
31
59
56
463
852
39
274
46
31
14
32
111
80
42
44
75
39
67
668
599
53
48
141
17
23
170
16
27
37
403
592
169
27
43
34
61
447
44
20
14
22
947
22
21
702
38
346
18
57
26
17
29
176
18
19
291
38
21
14
35
46
30
55
21
32
140
235
36
27
29
46
36
977
36
18
47
28
41
24
68
20
89
53
105
54
291
112
103
196
30
24
326
30
20
341
14
100
28
31
73
213
28
15
15
353
65
225
53
49
210
44
14
39
15
19
96
29
219
27
40
17
46
30
20
15
59
256
22
67
252
39
20
165
149
33
67
50
35
48
44
40
48
28
42
30
145
44
206
146
17
44
21
263
28
825
17
63
18
59
319
17
66
18
22
43
14
23
614
12
52
25
34
1139
573
143
17
142
38
277
93
30
23
147
21
216
41
122
48
36
21
214
46
24
53
295
65
18
99
15
31
31
89
119
60
28
92
79
17
18
44
27
45
21
184
17
19
30
30
20
33
44
44
201
34
431
102
37
830
31
11
520
41
52
86
19
25
136
62
26
26
125
43
342
41
26
36
26
135
47
29
97
34
62
64
24
20
15
30
47
101
43
40
262
17
96
31
84
43
98
62
346
18
42
73
181
43
30
145
28
217
293
15
288
150
35
46
24
98
22
33
34
16
59
897
27
49
46
124
37
65
1067
29
490
132
22
28
25
40
35
123
100
24
546
13
166
81
43
93
23
233
54
25
242
47
255
23
17
144
23
223
29
50
43
36
19
363
43
175
3682
33
111
78
21
43
127
89
23
33
81
36
145
24
39
26
135
189
39
122
40
66
28
23
31
28
17
31
607
14
373
411
43
80
40
171
24
102
24
54
195
32
98
170
23
72
105
23
16
33
33
54
33
24
40
47
35
53
85
23
76
75
36
28
42
27
45
35
44
29
37
47
20
19
39
45
358
65
243
20
95
26
20
41
10
107
38
47
22
39
18
40
19
32
29
23
161
79
35
62
54
126
37
172
29
36
32
40
22
31
52
80
20
18
403
47
107
93
45
21
86
31
221
33
33
147
49
21
476
28
44
21
38
53
30
28
41
153
33
242
31
41
50
63
188
48
60
38
33
121
27
50
28
32
24
38
77
53
26
121
47
49
51
53
66
23
241
33
297
116
36
30
25
49
79
35
42
116
41
34
31
36
54
216
41
49
30
22
42
65
37
46
50
34
33
33
27
19
34
53
31
70
39
40
36
65
36
40
39
49
49
30
122
87
44
249
32
144
32
165
38
18
27
370
32
33
45
40
18
34
24
24
31
36
30
34
191
29
244
26
34
112
222
115
22
25
29
52
37
260
15
28
44
22
51
387
201
350
24
38
171
46
42
164
33
36
22
29
32
25
33
38
170
31
15
15
166
83
34
40
22
41
34
76
23
18
93
513
30
33
24
184
33
124
21
375
14
46
17
33
40
55
363
23
61
23
166
33
21
76
16
21
172
66
22
36
29
48
26
28
26
147
391
72
30
71
30
43
46
83
136
25
70
40
16
43
25
65
45
32
65
202
29
37
39
371
34
35
246
40
666
39
32
105
142
55
35
31
23
26
196
33
37
32
34
42
25
148
32
114
87
26
24
99
171
391
39
68
475
49
19
38
69
39
27
207
204
283
46
15
34
137
37
26
111
37
31
35
26
142
40
38
11
20
47
345
20
58
23
79
233
29
183
47
74
19
154
59
40
82
25
75
35
49
35
41
44
46
42
17
36
71
34
30
50
26
69
955
55
25
27
82
30
42
20
32
82
16
1133
1267
159
70
42
35
42
16
138
329
32
31
25
40
26
133
56
65
24
33
17
24
46
638
20
31
30
16
37
44
30
43
40
31
47
1565
27
35
39
32
34
147
43
22
38
13
403
18
38
24
110
15
39
29
35
78
16
53
20
22
71
412
30
28
36
258
36
34
45
88
35
40
61
19
88
110
139
34
43
49
94
555
31
27
151
39
82
26
183
44
21
39
32
30
35
125
67
16
33
41
21
47
14
42
127
25
272
33
31
12
31
73
156
15
166
33
19
31
26
31
14
79
53
54
75
31
46
28
35
40
117
38
39
265
1202
21
341
250
25
33
271
181
37
41
102
57
247
62
23
718
21
39
1350
33
22
49
34
17
19
74
39
105
15
32
17
38
18
347
50
31
449
47
46
66
18
41
26
37
82
44
51
24
116
26
33
23
50
56
108
9
39
40
25
23
43
475
477
356
90
3260
67
25
26
20
32
33
289
30
26
34
34
18
15
110
21
30
47
113
40
33
39
16
29
26
40
24
26
57
420
16
25
68
63
20
56
28
11
70
14
34
19
1356
49
18
148
308
17
38
15
45
23
50
45
55
44
32
57
22
16
27
59
48
495
124
40
18
39
110
16
37
25
80
33
33
102
79
86
32
91
38
19
19
36
39
68
24
58
84
88
77
37
87
23
32
59
72
1882
192
35
39
33
17
244
14
116
19
33
37
181
27
14
19
15
34
23
26
37
33
42
78
129
42
25
45
140
407
53
19
23
45
35
112
47
332
26
43
40
49
35
29
14
51
17
35
34
199
32
26
49
26
121
45
42
34
18
25
24
31
56
57
37
99
55
41
15
42
48
33
53
747
26
51
47
22
158
336
178
24
434
78
30
167
65
38
25
24
26
41
23
16
36
14
91
527
500
37
36
26
47
31
31
40
39
334
50
25
33
26
23
45
30
129
33
719
93
100
16
45
41
109
22
33
159
19
47
246
18
27
77
26
40
34
21
106
40
24
45
32
41
24
50
40
76
21
238
47
31
78
29
273
20
37
104
41
27
40
33
16
60
32
131
105
27
38
64
59
41
120
55
26
24
35
51
30
37
33
35
23
185
60
69
18
18
129
184
45
30
198
24
28
117
23
29
227
1292
339
35
40
246
309
36
106
69
30
39
139
19
41
19
48
649
20
24
111
27
57
86
46
24
64
408
20
22
39
34
121
34
29
37
28
302
19
20
87
42
56
17
26
20
339
72
19
124
582
41
17
36
17
136
39
45
16
55
19
23
74
250
31
40
19
131
100
576
31
46
264
18
116
45
29
28
22
48
43
277
71
128
78
23
67
36
21
44
37
25
10
25
43
40
51
45
26
42
28
41
36
19
51
26
41
64
37
40
128
48
18
201
1301
25
36
45
16
225
43
247
62
71
105
147
146
55
195
33
31
29
29
9
21
38
25
20
28
31
37
159
30
43
33
36
114
940
660
54
45
44
143
30
28
41
58
18
28
16
43
99
33
24
26
35
575
150
30
42
43
28
37
159
59
15
191
14
17
50
34
33
34
17
27
23
21
50
50
26
16
37
53
30
34
24
14
49
33
31
36
35
656
101
18
130
17
32
200
38
387
19
27
24
25
35
46
15
47
296
61
1507
26
201
28
30
32
28
16
344
14
367
139
163
80
19
42
786
24
226
40
42
28
19
58
199
16
37
28
25
24
179
41
32
34
23
35
50
32
51
19
20
86
50
199
62
24
134
39
118
27
29
75
40
43
527
43
37
42
25
22
20
95
703
19
18
20
17
87
28
38
41
40
725
22
62
36
35
38
20
87
23
22
29
43
19
60
51
24
25
20
56
174
45
413
49
35
21
30
11
53
106
24
38
49
45
47
36
26
33
19
31
72
61
28
44
134
31
31
23
15
107
48
45
33
312
188
16
99
14
31
236
40
50
19
438
34
50
46
383
31
24
304
36
250
47
19
35
22
24
25
652
260
90
144
803
14
19
145
191
121
22
1086
44
307
184
61
23
33
31
24
14
31
36
18
30
22
28
23
18
10
36
15
20
33
31
34
711
163
27
29
33
41
34
39
23
10
16
244
41
22
40
106
23
41
19
54
24
105
51
39
19
31
39
42
44
41
209
63
32
284
14
26
13
40
40
17
27
331
41
29
30
99
25
39
45
87
22
20
27
45
17
11
62
36
93
605
32
1153
23
801
261
84
30
21
39
45
331
875
65
32
25
19
63
31
20
19
27
15
19
46
26
36
14
38
25
26
47
39
44
625
52
18
20
41
20
63
90
26
30
47
23
18
38
229
39
135
477
47
20
26
31
58
392
95
71
38
196
29
27
22
41
23
26
97
365
23
19
113
23
30
33
30
23
591
27
31
32
70
41
26
49
33
39
32
50
53
29
34
46
50
890
24
490
76
40
24
243
300
44
39
426
34
31
32
37
73
23
28
21
153
38
59
75
19
24
45
41
32
24
155
29
26
1211
36
29
42
107
14
152
22
62
40
69
19
16
50
36
22
17
39
14
17
47
60
46
102
104
32
76
43
37
25
42
20
48
21
172
34
35
40
21
23
17
397
42
27
16
40
25
23
24
83
38
31
19
82
23
21
863
63
54
410
35
43
51
214
31
41
34
43
260
27
33
80
144
100
15
59
19
36
19
28
173
35
61
586
162
82
77
146
28
16
31
14
205
27
39
445
37
141
36
38
195
22
286
20
22
451
54
17
25
25
67
25
184
30
48
15
56
36
60
75
21
31
42
23
31
22
25
39
146
195
43
39
116
19
24
24
56
59
47
53
1795
262
178
224
20
55
421
34
18
57
240
192
29
49
26
100
40
38
58
44
38
44
23
21
10
26
54
43
226
192
56
100
32
103
240
77
35
27
326
511
20
138
42
30
113
43
114
18
22
31
47
223
102
41
41
84
201
59
19
147
1933
144
37
30
34
27
628
23
114
76
50
40
24
106
15
132
41
16
20
41
28
1311
57
23
33
82
47
105
34
22
50
42
15
39
78
74
68
26
17
33
32
70
26
29
307
36
39
12
18
20
14
23
295
26
21
44
32
16
24
21
27
168
24
192
80
51
59
23
402
26
16
42
32
120
35
38
67
27
681
110
15
26
112
24
33
19
24
27
31
53
28
17
39
118
37
20
15
21
467
37
40
154
13
11
162
19
35
24
45
38
38
39
314
169
14
14
14
24
80
44
135
40
72
18
141
748
40
592
44
338
138
55
282
40
98
356
35
47
87
23
18
15
45
623
228
14
57
25
309
16
42
23
14
46
23
40
34
66
124
142
30
43
42
17
23
96
34
32
23
195
38
44
233
34
164
25
308
121
15
245
29
40
21
72
252
21
170
24
35
20
28
18
40
86
20
20
95
28
25
44
32
26
178
33
20
21
18
26
173
34
57
22
119
1198
51
26
45
46
67
30
70
48
43
48
25
172
21
35
67
33
14
115
89
22
47
389
45
298
23
47
34
1089
19
39
44
48
74
24
41
32
328
39
18
69
223
40
36
66
428
26
94
26
30
34
812
24
62
54
46
26
32
21
48
291
62
36
16
50
23
36
17
200
48
23
43
28
35
90
10
38
34
477
45
28
345
23
47
31
39
149
37
33
39
30
38
34
127
32
87
136
36
45
26
91
36
484
44
91
14
14
31
288
23
35
443
28
553
24
30
25
40
36
42
20
21
38
25
347
73
52
146
73
58
40
187
27
35
21
24
686
32
71
39
188
27
111
17
25
28
21
71
370
45
818
45
28
225
15
26
34
31
111
29
45
42
26
32
110
121
50
86
49
28
30
43
90
29
38
16
386
42
205
46
40
19
136
31
147
47
307
16
281
50
29
43
92
23
55
36
59
36
66
25
19
22
26
39
179
37
45
110
35
29
896
40
25
33
18
18
20
27
27
156
29
37
27
14
67
42
27
50
272
38
26
48
29
26
33
49
21
34
289
15
51
32
100
40
67
32
45
105
197
27
40
45
177
39
69
39
26
151
359
45
20
18
119
29
38
215
54
51
264
19
45
74
61
60
33
180
30
24
309
484
22
55
36
43
59
32
126
88
118
253
71
23
37
110
426
61
1476
42
138
44
45
50
391
18
42
39
12
1299
31
64
67
76
39
55
52
111
41
63
63
427
106
147
13
31
33
113
26
373
35
55
16
83
31
43
25
22
59
30
42
20
77
29
17
133
41
171
17
49
36
358
48
45
33
35
26
44
31
38
102
36
13
26
110
53
68
27
35
82
43
24
32
35
79
41
24
87
1950
16
23
21
90
56
1242
65
18
46
24
65
16
21
45
50
38
11
54
75
24
16
473
27
28
41
60
21
29
32
305
50
31
49
31
19
34
49
36
286
1091
29
140
28
126
40
41
21
256
56
37
113
121
42
36
86
205
16
40
66
117
18
25
66
1243
44
28
31
91
101
49
406
123
113
493
640
356
21
246
32
205
22
25
19
393
48
58
40
45
151
54
44
2145
206
28
113
113
22
61
95
34
46
20
34
62
34
42
27
102
177
87
24
109
30
12
39
161
27
2905
144
151
47
37
28
199
12
31
143
45
59
297
157
32
34
64
46
347
30
62
848
69
18
40
23
30
39
17
35
47
205
144
28
109
20
316
66
1317
40
28
27
24
42
35
28
161
141
30
20
196
42
40
43
47
103
174
28
34
75
523
135
39
35
346
167
37
41
22
27
14
39
13
42
27
24
70
39
15
48
46
62
83
79
27
50
22
35
61
38
26
46
29
83
398
287
40
39
63
38
40
80
26
44
23
23
25
16
32
47
40
34
22
9
828
20
135
36
116
31
24
51
41
25
37
47
39
40
39
103
63
721
27
31
201
37
36
50
37
27
37
69
52
19
209
292
22
37
30
342
129
109
134
33
466
365
35
40
27
39
32
45
17
1289
21
49
130
47
50
44
975
38
27
45
22
167
32
120
76
48
43
31
172
25
22
162
203
153
14
22
48
42
645
308
163
36
35
26
33
36
98
79
273
54
50
339
63
62
30
30
44
282
50
22
45
176
93
42
20
33
220
17
264
14
14
39
47
150
39
249
65
33
27
3222
34
25
63
34
10
21
18
16
25
34
40
46
1998
41
251
212
32
19
20
30
73
86
33
865
44
31
14
25
31
33
11
13
25
44
42
44
20
179
113
27
23
56
37
27
36
17
43
539
16
175
25
67
16
28
51
101
47
19
136
83
33
32
21
29
39
39
35
15
83
75
47
11
34
69
28
44
26
38
41
190
20
29
55
103
33
13
34
22
12
22
36
16
156
16
38
32
530
45
16
58
246
69
10
29
44
279
50
159
135
101
40
164
52
197
24
58
36
42
16
70
79
58
22
30
32
34
29
61
86
48
62
45
48
63
36
86
21
23
18
311
41
12
29
45
45
22
21
38
42
124
51
36
41
97
77
62
27
30
301
118
23
83
19
43
47
46
54
198
79
41
36
41
146
19
30
74
41
77
12
25
34
13
21
30
30
35
45
140
14
36
149
23
20
115
31
17
36
102
56
92
1650
34
22
965
43
165
45
55
501
90
38
51
26
30
130
27
46
716
36
45
37
576
83
30
18
61
21
45
306
729
33
24
96
33
29
72
67
25
69
29
106
139
46
37
100
36
90
40
42
80
135
20
40
30
22
144
52
173
35
30
790
21
624
22
1089
34
80
38
32
27
37
17
55
22
48
50
50
77
115
149
32
20
25
35
122
20
87
469
25
198
27
33
184
16
32
42
160
125
28
25
21
16
255
51
45
42
142
121
33
32
173
61
367
54
56
155
42
31
17
54
204
131
18
174
92
139
33
37
41
12
39
42
1099
99
40
18
29
28
46
2244
25
36
66
81
47
31
519
19
55
43
21
51
28
20
127
35
37
60
36
23
42
30
173
2082
25
39
21
21
36
39
50
85
19
27
108
27
114
26
237
73
247
22
199
15
31
117
32
30
46
440
15
34
529
78
83
45
34
211
333
14
889
39
40
32
41
27
38
155
39
60
367
33
28
51
88
18
24
34
393
29
266
20
37
32
189
19
32
34
42
129
17
36
25
23
21
29
12
71
145
68
218
34
189
84
88
36
14
39
155
31
918
28
28
71
42
76
37
94
496
241
83
193
46
157
80
47
59
53
39
52
137
133
19
38
26
33
22
43
38
36
41
92
72
217
72
1516
44
289
65
43
40
63
17
102
21
51
135
268
29
38
33
25
31
20
65
43
181
30
12
37
44
20
42
101
17
63
64
197
89
60
643
40
20
35
312
38
72
34
30
15
111
24
19
40
400
49
54
17
43
225
44
200
352
43
61
37
34
85
117
267
471
39
18
225
43
46
79
25
68
61
30
35
21
3884
21
672
159
38
104
37
240
27
13
29
319
21
16
71
18
111
33
25
121
20
40
32
50
31
21
44
55
47
149
121
242
60
309
28
24
15
661
323
19
31
530
37
20
189
40
52
209
12
36
32
145
12
25
96
45
86
62
35
407
35
17
16
384
165
419
33
222
85
38
46
532
45
36
99
43
23
119
16
264
270
185
109
58
42
24
71
14
77
112
18
32
434
31
63
66
26
27
13
34
212
40
39
42
164
146
35
104
20
28
46
160
34
32
116
31
195
24
2529
158
149
17
25
12
37
38
21
25
41
234
30
48
170
37
90
29
44
25
228
105
81
53
48
544
124
392
99
89
35
118
29
21
18
68
29
35
58
27
38
58
37
223
197
42
455
43
15
41
55
41
109
79
34
62
442
24
46
110
484
44
110
61
377
54
15
27
44
15
122
295
266
117
34
90
46
17
33
109
269
112
92
38
52
34
401
34
40
50
14
59
26
321
31
25
42
279
38
39
61
992
42
245
11
102
20
26
26
59
40
31
100
99
23
46
19
30
66
99
78
633
56
157
15
178
25
188
54
69
90
245
175
191
36
33
68
255
30
236
41
22
44
33
27
117
17
43
38
45
49
627
16
35
207
42
49
75
375
327
72
37
30
51
28
466
36
102
43
51
32
39
50
63
42
50
88
318
603
51
135
70
70
89
637
1324
48
29
62
224
83
409
49
237
190
31
43
12
14
24
50
167
129
134
16
38
15
74
43
50
55
195
37
56
834
171
22
208
24
68
45
430
40
43
29
44
519
43
16
27
33
45
84
232
128
69
32
329
13
484
204
25
20
21
149
24
66
121
33
57
82
42
34
58
36
28
23
34
128
28
33
34
35
137
103
257
251
46
821
60
24
44
33
496
83
102
34
90
46
35
35
26
116
37
160
180
15
24
19
22
104
34
54
127
52
34
41
573
143
26
39
44
64
35
139
19
422
153
16
17
51
33
22
19
19
34
221
131
36
36
69
18
36
34
587
29
132
44
35
22
153
16
54
76
53
19
160
119
15
25
232
32
572
225
29
28
17
2756
806
20
40
94
48
15
638
16
31
47
59
130
300
474
263
24
14
322
47
19
40
605
260
19
24
38
25
68
26
22
41
36
40
40
23
47
102
32
80
20
46
42
24
35
95
102
22
33
36
220
112
17
19
161
34
24
72
386
300
26
254
148
64
295
64
32
37
54
28
26
44
40
55
42
23
108
15
544
297
29
34
108
39
236
470
50
21
22
15
21
336
63
29
1803
14
67
143
31
275
20
50
14
107
26
73
18
106
14
33
14
35
35
29
23
72
183
34
34
20
32
48
33
20
147
206
19
51
156
24
382
302
21
20
341
107
44
97
77
36
24
80
53
421
59
55
82
245
31
35
45
24
327
37
77
37
21
71
22
28
35
147
102
41
22
153
46
23
36
39
32
63
19
49
151
103
30
38
23
239
231
58
223
39
35
25
34
26
44
300
35
37
152
113
25
113
41
11
19
18
48
61
98
230
148
30
49
30
14
43
205
151
104
40
81
17
1122
38
79
33
38
27
41
61
65
24
112
22
47
39
42
249
53
82
35
725
44
42
41
42
31
25
13
255
33
46
223
29
99
27
43
47
62
14
49
17
73
86
44
175
218
597
29
27
112
48
17
24
174
97
24
35
140
19
186
651
445
44
90
110
108
29
29
35
22
248
36
98
31
2663
1927
35
537
27
36
178
67
53
36
31
193
25
792
81
32
114
50
23
23
87
39
58
34
46
27
115
24
39
34
18
216
79
79
525
41
20
22
165
210
273
26
12
21
47
96
24
43
70
293
69
97
958
790
78
46
26
205
32
31
35
16
16
34
19
14
41
37
159
16
28
40
16
122
1216
38
72
362
28
47
591
52
40
23
40
139
18
53
25
31
37
41
54
20
169
53
35
298
90
74
426
496
24
24
26
37
1103
18
412
364
44
30
47
16
29
64
30
219
735
94
180
102
190
625
25
69
31
58
24
28
36
145
33
42
180
23
37
28
60
442
17
222
29
30
26
54
41
35
19
38
508
46
23
433
187
84
563
57
46
131
17
56
36
527
29
66
1373
17
36
37
24
48
21
43
37
181
37
1830
39
210
1212
172
601
27
22
762
45
329
45
275
18
49
35
80
45
181
44
54
37
79
16
136
115
1225
48
35
104
27
21
316
27
491
32
52
687
44
285
42
86
36
21
31
65
35
185
17
87
385
29
27
169
65
200
33
241
47
320
252
543
33
39
38
858
26
14
420
108
16
52
92
34
31
26
45
30
253
724
29
18
16
48
45
628
39
41
22
565
44
39
53
20
252
40
31
46
37
176
20
44
1162
464
58
42
213
74
237
25
37
729
117
135
39
29
16
23
136
12
1454
40
13
39
29
218
118
126
39
328
52
19
49
32
103
83
142
26
32
113
75
148
286
61
691
72
15
951
1696
38
39
1646
210
45
32
49
42
34
24
42
20
21
132
42
77
26
56
152
112
301
16
80
140
161
67
25
20
36
224
30
26
1380
39
543
33
42
261
249
110
52
44
113
64
102
46
43
206
49
42
30
28
31
203
33
306
39
481
23
32
95
309
56
129
65
15
58
560
45
41
613
58
13
264
254
22
44
19
40
423
33
48
24
54
101
38
137
13
40
159
44
92
212
1255
43
22
37
22
23
128
37
348
23
31
188
21
26
211
51
203
47
38
35
79
514
167
118
133
972
143
199
100
1094
30
14
48
107
23
54
333
34
24
24
118
43
54
264
175
492
332
118
35
98
106
202
30
34
35
47
39
31
124
310
460
30
31
129
996
29
45
37
31
101
27
49
58
43
48
108
24
128
464
46
87
111
82
24
27
27
38
498
26
25
103
42
47
289
557
389
522
44
73
13
34
33
18
89
20
78
128
30
148
13
66
37
149
91
297
109
471
15
142
296
19
100
42
34
29
46
59
1243
195
172
146
92
49
48
35
48
247
41
33
396
148
33
98
49
586
160
15
189
54
42
44
3919
164
24
64
281
161
43
45
173
47
1365
12
24
